osu file format v14

[General]
AudioFilename: audio.mp3
AudioLeadIn: 0
PreviewTime: 102712
Countdown: 0
SampleSet: Soft
StackLeniency: 0.7
Mode: 3
LetterboxInBreaks: 0
SpecialStyle: 0
WidescreenStoryboard: 1

[Editor]
DistanceSpacing: 1.1
BeatDivisor: 4
GridSize: 32
TimelineZoom: 1.5

[Metadata]
Title:Super Shy
TitleUnicode:Super Shy
Artist:NewJeans
ArtistUnicode:뉴진스
Creator:Robeats
Version:anatha's Easy
Source:
Tags:anatharax english korean pop k-pop kpop drum and bass dnb hanni hyein haerin minji danielle 민지 하니 해린 혜인 다니엘 Frankie Scoca Erika de Casier Kristine Bogan Gigi 김동현 김심야 Kim Donghyun Ximya PDCV-5076 어도어 ador all doors one room
BeatmapID:4997461
BeatmapSetID:2266555

[Difficulty]
HPDrainRate:6
CircleSize:4
OverallDifficulty:6
ApproachRate:5
SliderMultiplier:1.4
SliderTickRate:1

[Events]
//Background and Video events
0,0,"supershy.jpg",0,0
//Break Periods
//Storyboard Layer 0 (Background)
//Storyboard Layer 1 (Fail)
//Storyboard Layer 2 (Pass)
//Storyboard Layer 3 (Foreground)
//Storyboard Layer 4 (Overlay)
//Storyboard Sound Samples

[TimingPoints]
312,400,4,2,1,100,1,0
13112,-100,4,2,1,100,0,1
25912,-100,4,2,1,100,0,0
26912,-100,4,2,1,100,0,1
38712,-100,4,2,1,100,0,0
77112,-100,4,2,1,100,0,1
89912,-100,4,2,1,100,0,0
105912,-100,4,2,1,100,0,1
128312,-100,4,2,1,100,0,0


[HitObjects]
64,192,13112,5,0,0:0:0:0:
320,192,13112,1,0,0:0:0:0:
448,192,13312,1,0,0:0:0:0:
192,192,13512,128,0,13912:0:0:0:0:
448,192,14112,1,0,0:0:0:0:
64,192,14312,1,0,0:0:0:0:
320,192,14512,128,0,14912:0:0:0:0:
192,192,14912,1,0,0:0:0:0:
448,192,15112,128,0,15512:0:0:0:0:
64,192,15512,128,0,15912:0:0:0:0:
320,192,15912,1,0,0:0:0:0:
192,192,16112,1,0,0:0:0:0:
64,192,16312,1,0,0:0:0:0:
448,192,16312,128,0,16712:0:0:0:0:
192,192,16712,128,0,17112:0:0:0:0:
320,192,17312,1,0,0:0:0:0:
64,192,17512,1,0,0:0:0:0:
448,192,17712,128,0,18112:0:0:0:0:
192,192,18112,1,0,0:0:0:0:
64,192,18312,128,0,18712:0:0:0:0:
320,192,18712,128,0,19112:0:0:0:0:
192,192,19112,128,0,19512:0:0:0:0:
448,192,19512,1,0,0:0:0:0:
320,192,19512,1,0,0:0:0:0:
64,192,19712,1,0,0:0:0:0:
320,192,19912,128,0,20312:0:0:0:0:
192,192,20512,1,0,0:0:0:0:
448,192,20712,1,0,0:0:0:0:
64,192,20912,128,0,21312:0:0:0:0:
448,192,21312,1,0,0:0:0:0:
320,192,21512,128,0,21912:0:0:0:0:
192,192,21912,128,0,22312:0:0:0:0:
448,192,22312,1,0,0:0:0:0:
320,192,22512,1,0,0:0:0:0:
64,192,22712,128,0,23112:0:0:0:0:
192,192,22712,1,0,0:0:0:0:
448,192,23112,128,0,23512:0:0:0:0:
64,192,23512,128,0,23912:0:0:0:0:
192,192,23912,1,0,0:0:0:0:
448,192,24112,1,0,0:0:0:0:
320,192,24312,128,0,24712:0:0:0:0:
64,192,24312,1,0,0:0:0:0:
192,192,24712,128,0,25112:0:0:0:0:
320,192,25112,128,0,25512:0:0:0:0:
192,192,25512,1,0,0:0:0:0:
192,192,25912,128,0,26312:0:0:0:0:
448,192,26312,128,0,26712:0:0:0:0:
64,192,26912,1,0,0:0:0:0:
320,192,26912,1,0,0:0:0:0:
192,192,27112,1,0,0:0:0:0:
448,192,27312,128,0,27712:0:0:0:0:
64,192,27712,1,0,0:0:0:0:
320,192,27912,128,0,28312:0:0:0:0:
192,192,28312,128,0,28712:0:0:0:0:
448,192,28712,1,0,0:0:0:0:
320,192,28912,1,0,0:0:0:0:
64,192,29112,128,0,29512:0:0:0:0:
192,192,29112,1,0,0:0:0:0:
448,192,29512,128,0,29912:0:0:0:0:
320,192,30112,1,0,0:0:0:0:
64,192,30312,1,0,0:0:0:0:
192,192,30512,128,0,30912:0:0:0:0:
448,192,30912,1,0,0:0:0:0:
320,192,31112,128,0,31512:0:0:0:0:
192,192,31512,128,0,31912:0:0:0:0:
448,192,31912,128,0,32312:0:0:0:0:
320,192,32312,1,0,0:0:0:0:
64,192,32312,1,0,0:0:0:0:
192,192,32512,1,0,0:0:0:0:
320,192,32712,128,0,33112:0:0:0:0:
192,192,33312,1,0,0:0:0:0:
448,192,33512,1,0,0:0:0:0:
64,192,33712,128,0,34112:0:0:0:0:
320,192,34112,1,0,0:0:0:0:
192,192,34312,128,0,34712:0:0:0:0:
320,192,34712,128,0,35112:0:0:0:0:
64,192,35112,1,0,0:0:0:0:
192,192,35312,1,0,0:0:0:0:
320,192,35512,1,0,0:0:0:0:
448,192,35512,128,0,35912:0:0:0:0:
192,192,35912,128,0,36312:0:0:0:0:
448,192,36312,128,0,36712:0:0:0:0:
320,192,36712,1,0,0:0:0:0:
192,192,36912,1,0,0:0:0:0:
64,192,37112,128,0,37512:0:0:0:0:
320,192,37112,1,0,0:0:0:0:
320,192,37512,128,0,37912:0:0:0:0:
64,192,37912,128,0,38312:0:0:0:0:
448,192,38312,128,0,38712:0:0:0:0:
192,192,38712,5,0,0:0:0:0:
192,192,39112,1,0,0:0:0:0:
320,192,39512,1,0,0:0:0:0:
192,192,39712,1,0,0:0:0:0:
64,192,39912,1,0,0:0:0:0:
448,192,40312,1,0,0:0:0:0:
448,192,40712,1,0,0:0:0:0:
64,192,41112,1,0,0:0:0:0:
64,192,41512,1,0,0:0:0:0:
448,192,41912,1,0,0:0:0:0:
64,192,42112,1,0,0:0:0:0:
192,192,42312,1,0,0:0:0:0:
320,192,42712,1,0,0:0:0:0:
320,192,43112,1,0,0:0:0:0:
192,192,43512,1,0,0:0:0:0:
448,192,43712,1,0,0:0:0:0:
64,192,43912,1,0,0:0:0:0:
320,192,44112,1,0,0:0:0:0:
192,192,44312,1,0,0:0:0:0:
192,192,44712,1,0,0:0:0:0:
448,192,45112,1,0,0:0:0:0:
448,192,45512,1,0,0:0:0:0:
64,192,45512,1,0,0:0:0:0:
64,192,45912,1,0,0:0:0:0:
448,192,46312,1,0,0:0:0:0:
320,192,46312,1,0,0:0:0:0:
320,192,46712,1,0,0:0:0:0:
192,192,47112,1,0,0:0:0:0:
64,192,47112,1,0,0:0:0:0:
192,192,47512,1,0,0:0:0:0:
64,192,47912,1,0,0:0:0:0:
320,192,47912,1,0,0:0:0:0:
320,192,48312,1,0,0:0:0:0:
448,192,48712,1,0,0:0:0:0:
192,192,48712,1,0,0:0:0:0:
192,192,49112,1,0,0:0:0:0:
448,192,49512,1,0,0:0:0:0:
64,192,49512,1,0,0:0:0:0:
64,192,49912,1,0,0:0:0:0:
192,192,50312,1,0,0:0:0:0:
320,192,50312,1,0,0:0:0:0:
320,192,50712,1,0,0:0:0:0:
192,192,51112,128,0,51512:0:0:0:0:
320,192,51512,128,0,51912:0:0:0:0:
448,192,51512,1,0,0:0:0:0:
192,192,51912,1,0,0:0:0:0:
448,192,52312,128,0,52712:0:0:0:0:
64,192,52712,128,0,53112:0:0:0:0:
448,192,53112,128,0,53512:0:0:0:0:
64,192,53512,1,0,0:0:0:0:
192,192,53912,128,0,54312:0:0:0:0:
448,192,54312,128,0,54712:0:0:0:0:
192,192,54712,128,0,55112:0:0:0:0:
448,192,55112,1,0,0:0:0:0:
320,192,55512,1,0,0:0:0:0:
320,192,55912,1,0,0:0:0:0:
192,192,56312,1,0,0:0:0:0:
64,192,56712,1,0,0:0:0:0:
64,192,57112,1,0,0:0:0:0:
320,192,57512,1,0,0:0:0:0:
320,192,57912,128,0,58312:0:0:0:0:
448,192,57912,1,0,0:0:0:0:
64,192,58312,128,0,58712:0:0:0:0:
320,192,58712,128,0,59112:0:0:0:0:
64,192,59112,1,0,0:0:0:0:
192,192,59512,128,0,59912:0:0:0:0:
320,192,59912,128,0,60312:0:0:0:0:
192,192,60312,1,0,0:0:0:0:
448,192,60712,128,0,61112:0:0:0:0:
64,192,61112,1,0,0:0:0:0:
320,192,61512,1,0,0:0:0:0:
192,192,61912,1,0,0:0:0:0:
192,192,62312,1,0,0:0:0:0:
320,192,62712,1,0,0:0:0:0:
448,192,63112,1,0,0:0:0:0:
448,192,63512,128,0,63912:0:0:0:0:
64,192,63912,128,0,64312:0:0:0:0:
320,192,64312,1,0,0:0:0:0:
192,192,64512,1,0,0:0:0:0:
448,192,64712,128,0,65112:0:0:0:0:
192,192,65312,1,0,0:0:0:0:
320,192,65512,1,0,0:0:0:0:
64,192,65712,128,0,66112:0:0:0:0:
448,192,66112,1,0,0:0:0:0:
320,192,66312,128,0,66712:0:0:0:0:
192,192,66712,128,0,67112:0:0:0:0:
448,192,67112,1,0,0:0:0:0:
64,192,67312,1,0,0:0:0:0:
320,192,67512,1,0,0:0:0:0:
64,192,67712,1,0,0:0:0:0:
192,192,67912,128,0,68312:0:0:0:0:
448,192,68512,1,0,0:0:0:0:
192,192,68712,1,0,0:0:0:0:
320,192,68912,128,0,69312:0:0:0:0:
64,192,69312,1,0,0:0:0:0:
192,192,69512,128,0,69912:0:0:0:0:
448,192,69912,128,0,70312:0:0:0:0:
64,192,70312,128,0,70712:0:0:0:0:
448,192,70712,1,0,0:0:0:0:
320,192,70912,1,0,0:0:0:0:
192,192,71112,128,0,71512:0:0:0:0:
320,192,71712,1,0,0:0:0:0:
64,192,71912,1,0,0:0:0:0:
448,192,72112,128,0,72512:0:0:0:0:
192,192,72512,1,0,0:0:0:0:
320,192,72712,128,0,73112:0:0:0:0:
192,192,73112,128,0,73512:0:0:0:0:
448,192,73512,128,0,73912:0:0:0:0:
64,192,73912,128,0,74312:0:0:0:0:
320,192,74312,128,0,74712:0:0:0:0:
64,192,74712,128,0,75112:0:0:0:0:
192,192,75112,1,0,0:0:0:0:
448,192,75512,128,0,75912:0:0:0:0:
192,192,75912,128,0,76312:0:0:0:0:
448,192,76312,128,0,76712:0:0:0:0:
320,192,76712,1,0,0:0:0:0:
64,192,77112,1,0,0:0:0:0:
192,192,77112,1,0,0:0:0:0:
448,192,77312,1,0,0:0:0:0:
192,192,77512,128,0,77912:0:0:0:0:
448,192,78112,1,0,0:0:0:0:
64,192,78312,1,0,0:0:0:0:
320,192,78512,128,0,78912:0:0:0:0:
192,192,78912,1,0,0:0:0:0:
448,192,79112,128,0,79512:0:0:0:0:
64,192,79512,128,0,79912:0:0:0:0:
320,192,79912,1,0,0:0:0:0:
192,192,80112,1,0,0:0:0:0:
448,192,80312,1,0,0:0:0:0:
192,192,80512,1,0,0:0:0:0:
320,192,80712,128,0,81112:0:0:0:0:
192,192,81312,1,0,0:0:0:0:
448,192,81512,1,0,0:0:0:0:
64,192,81712,128,0,82112:0:0:0:0:
192,192,82112,1,0,0:0:0:0:
448,192,82312,128,0,82712:0:0:0:0:
320,192,82712,128,0,83112:0:0:0:0:
192,192,83112,128,0,83512:0:0:0:0:
448,192,83512,1,0,0:0:0:0:
320,192,83512,1,0,0:0:0:0:
64,192,83712,1,0,0:0:0:0:
320,192,83912,128,0,84312:0:0:0:0:
192,192,84512,1,0,0:0:0:0:
448,192,84712,1,0,0:0:0:0:
64,192,84912,128,0,85312:0:0:0:0:
448,192,85312,1,0,0:0:0:0:
320,192,85512,128,0,85912:0:0:0:0:
192,192,85912,128,0,86312:0:0:0:0:
448,192,86312,1,0,0:0:0:0:
320,192,86512,1,0,0:0:0:0:
64,192,86712,128,0,87112:0:0:0:0:
192,192,86712,1,0,0:0:0:0:
448,192,87112,128,0,87512:0:0:0:0:
64,192,87512,128,0,87912:0:0:0:0:
192,192,87912,1,0,0:0:0:0:
448,192,88112,1,0,0:0:0:0:
320,192,88312,128,0,88712:0:0:0:0:
192,192,88712,128,0,89112:0:0:0:0:
320,192,89112,128,0,89512:0:0:0:0:
192,192,89512,1,0,0:0:0:0:
64,192,89912,128,0,90312:0:0:0:0:
320,192,90312,128,0,90712:0:0:0:0:
192,192,90712,128,0,91112:0:0:0:0:
448,192,91112,128,0,91512:0:0:0:0:
192,192,91512,128,0,91912:0:0:0:0:
320,192,91912,128,0,92312:0:0:0:0:
64,192,92312,128,0,92712:0:0:0:0:
320,192,92712,1,0,0:0:0:0:
192,192,92912,1,0,0:0:0:0:
448,192,93112,128,0,93512:0:0:0:0:
64,192,93512,128,0,94112:0:0:0:0:
192,192,94112,1,0,0:0:0:0:
320,192,94312,1,0,0:0:0:0:
320,192,94712,1,0,0:0:0:0:
192,192,94912,128,0,95612:0:0:0:0:
448,192,95612,1,0,0:0:0:0:
320,192,95912,1,0,0:0:0:0:
320,192,96312,128,0,96712:0:0:0:0:
64,192,96712,128,0,97112:0:0:0:0:
448,192,97112,128,0,97512:0:0:0:0:
192,192,97512,128,0,97912:0:0:0:0:
448,192,97912,128,0,98312:0:0:0:0:
64,192,98312,128,0,98712:0:0:0:0:
320,192,98712,128,0,99112:0:0:0:0:
64,192,99112,1,0,0:0:0:0:
192,192,99312,1,0,0:0:0:0:
448,192,99512,128,0,99912:0:0:0:0:
192,192,99912,128,0,100512:0:0:0:0:
64,192,100512,1,0,0:0:0:0:
448,192,100712,1,0,0:0:0:0:
448,192,101112,1,0,0:0:0:0:
192,192,101312,128,0,102012:0:0:0:0:
320,192,102012,1,0,0:0:0:0:
64,192,102312,1,0,0:0:0:0:
448,192,102512,1,0,0:0:0:0:
192,192,102712,1,0,0:0:0:0:
320,192,102912,1,0,0:0:0:0:
64,192,103112,128,0,103512:0:0:0:0:
320,192,103712,128,0,104112:0:0:0:0:
448,192,104112,128,0,104512:0:0:0:0:
192,192,104512,1,0,0:0:0:0:
320,192,104712,128,0,105112:0:0:0:0:
192,192,105112,128,0,105512:0:0:0:0:
448,192,105512,128,0,105912:0:0:0:0:
64,192,105912,1,0,0:0:0:0:
192,192,106112,1,0,0:0:0:0:
320,192,106312,128,0,106712:0:0:0:0:
192,192,106912,1,0,0:0:0:0:
448,192,107112,1,0,0:0:0:0:
64,192,107312,128,0,107712:0:0:0:0:
320,192,107712,1,0,0:0:0:0:
448,192,107912,128,0,108312:0:0:0:0:
192,192,108312,128,0,108712:0:0:0:0:
320,192,108712,128,0,109112:0:0:0:0:
64,192,109112,1,0,0:0:0:0:
192,192,109112,1,0,0:0:0:0:
448,192,109312,1,0,0:0:0:0:
192,192,109512,128,0,109912:0:0:0:0:
320,192,110112,1,0,0:0:0:0:
64,192,110312,1,0,0:0:0:0:
448,192,110512,128,0,110912:0:0:0:0:
64,192,110912,1,0,0:0:0:0:
192,192,111112,128,0,111512:0:0:0:0:
320,192,111512,128,0,111912:0:0:0:0:
64,192,111912,1,0,0:0:0:0:
192,192,112112,1,0,0:0:0:0:
448,192,112312,128,0,112712:0:0:0:0:
320,192,112312,1,0,0:0:0:0:
64,192,112712,128,0,113112:0:0:0:0:
448,192,113112,128,0,113512:0:0:0:0:
320,192,113512,1,0,0:0:0:0:
64,192,113712,1,0,0:0:0:0:
192,192,113912,128,0,114312:0:0:0:0:
448,192,113912,1,0,0:0:0:0:
320,192,114312,128,0,114712:0:0:0:0:
192,192,114712,128,0,115112:0:0:0:0:
320,192,115112,1,0,0:0:0:0:
320,192,115512,128,0,115912:0:0:0:0:
192,192,115512,1,0,0:0:0:0:
64,192,115912,1,0,0:0:0:0:
448,192,115912,1,0,0:0:0:0:
64,192,116312,1,0,0:0:0:0:
320,192,116512,1,0,0:0:0:0:
192,192,116712,1,0,0:0:0:0:
448,192,116912,128,0,117312:0:0:0:0:
192,192,117312,1,0,0:0:0:0:
320,192,117512,128,0,117912:0:0:0:0:
64,192,117512,1,0,0:0:0:0:
64,192,117912,128,0,118312:0:0:0:0:
320,192,118312,1,0,0:0:0:0:
320,192,118712,1,0,0:0:0:0:
192,192,118912,1,0,0:0:0:0:
448,192,119112,128,0,119512:0:0:0:0:
64,192,119112,1,0,0:0:0:0:
64,192,119512,1,0,0:0:0:0:
320,192,119712,1,0,0:0:0:0:
192,192,119912,1,0,0:0:0:0:
64,192,120112,128,0,120512:0:0:0:0:
448,192,120512,1,0,0:0:0:0:
192,192,120712,1,0,0:0:0:0:
320,192,120712,128,0,121112:0:0:0:0:
192,192,121112,128,0,121512:0:0:0:0:
320,192,121512,128,0,121912:0:0:0:0:
192,192,121912,1,0,0:0:0:0:
64,192,121912,1,0,0:0:0:0:
448,192,122112,1,0,0:0:0:0:
64,192,122312,128,0,122712:0:0:0:0:
448,192,122712,1,0,0:0:0:0:
192,192,122912,1,0,0:0:0:0:
320,192,123112,1,0,0:0:0:0:
448,192,123312,128,0,123712:0:0:0:0:
64,192,123712,1,0,0:0:0:0:
320,192,123912,128,0,124312:0:0:0:0:
192,192,123912,1,0,0:0:0:0:
192,192,124312,128,0,124712:0:0:0:0:
320,192,124712,1,0,0:0:0:0:
64,192,124912,1,0,0:0:0:0:
192,192,125112,1,0,0:0:0:0:
448,192,125112,128,0,125512:0:0:0:0:
192,192,125512,128,0,125912:0:0:0:0:
448,192,125912,128,0,126312:0:0:0:0:
64,192,126312,1,0,0:0:0:0:
192,192,126512,1,0,0:0:0:0:
320,192,126712,128,0,127112:0:0:0:0:
64,192,127112,128,0,127512:0:0:0:0:
448,192,127112,1,0,0:0:0:0:
320,192,127512,128,0,127912:0:0:0:0:
64,192,127912,1,0,0:0:0:0:
192,192,128112,1,0,0:0:0:0:
320,192,128312,128,0,128712:0:0:0:0:
192,192,128712,1,0,0:0:0:0:
448,192,128712,1,0,0:0:0:0:
448,192,129112,128,0,129512:0:0:0:0:
64,192,129512,1,0,0:0:0:0:
192,192,129512,1,0,0:0:0:0:
192,192,129912,128,0,130312:0:0:0:0:
320,192,130312,1,0,0:0:0:0:
64,192,130312,1,0,0:0:0:0:
320,192,130712,128,0,131112:0:0:0:0:
192,192,131112,1,0,0:0:0:0:
448,192,131112,1,0,0:0:0:0:
448,192,131512,128,0,131912:0:0:0:0:
64,192,131912,1,0,0:0:0:0:
320,192,131912,1,0,0:0:0:0:
320,192,132312,1,0,0:0:0:0:
192,192,132712,1,0,0:0:0:0:
448,192,132712,1,0,0:0:0:0:
192,192,133112,1,0,0:0:0:0:
64,192,133512,1,0,0:0:0:0:
320,192,133512,1,0,0:0:0:0:
64,192,133912,1,0,0:0:0:0:
192,192,134312,1,0,0:0:0:0:
448,192,134312,1,0,0:0:0:0:
448,192,134712,128,0,135112:0:0:0:0:
64,192,135112,1,0,0:0:0:0:
320,192,135112,1,0,0:0:0:0:
320,192,135512,128,0,135912:0:0:0:0:
192,192,135912,1,0,0:0:0:0:
64,192,135912,1,0,0:0:0:0:
64,192,136312,128,0,136712:0:0:0:0:
192,192,136712,1,0,0:0:0:0:
448,192,136712,1,0,0:0:0:0:
192,192,137112,128,0,137512:0:0:0:0:
320,192,137512,1,0,0:0:0:0:
448,192,137512,1,0,0:0:0:0:
448,192,137912,128,0,138312:0:0:0:0:
320,192,138312,1,0,0:0:0:0:
192,192,138312,1,0,0:0:0:0:
320,192,138712,1,0,0:0:0:0:
448,192,139112,1,0,0:0:0:0:
64,192,139112,1,0,0:0:0:0:
64,192,139512,1,0,0:0:0:0:
320,192,139712,1,0,0:0:0:0:
192,192,139912,128,0,140312:0:0:0:0:
448,192,140312,128,0,140712:0:0:0:0:
64,192,140712,128,0,141112:0:0:0:0:
320,192,141112,128,0,141512:0:0:0:0:
192,192,141512,128,0,141912:0:0:0:0:
448,192,141512,1,0,0:0:0:0:
320,192,141912,128,0,142312:0:0:0:0:
448,192,142312,128,0,142712:0:0:0:0:
64,192,142312,1,0,0:0:0:0:
192,192,142712,128,0,143112:0:0:0:0:
64,192,143112,128,0,143512:0:0:0:0:
320,192,143112,1,0,0:0:0:0:
448,192,143512,128,0,143912:0:0:0:0:
320,192,143912,128,0,144312:0:0:0:0:
192,192,143912,1,0,0:0:0:0:
192,192,144312,128,0,144712:0:0:0:0:
448,192,144712,1,0,0:0:0:0:
64,192,144712,1,0,0:0:0:0:
448,192,145112,1,0,0:0:0:0:
64,192,145512,1,0,0:0:0:0:
192,192,145512,1,0,0:0:0:0:
192,192,145912,1,0,0:0:0:0:
320,192,146312,1,0,0:0:0:0:
64,192,146312,1,0,0:0:0:0:
448,192,146712,1,0,0:0:0:0:
320,192,147112,1,0,0:0:0:0:
448,192,147112,1,0,0:0:0:0:
320,192,147512,128,0,147912:0:0:0:0:
192,192,147912,128,0,148312:0:0:0:0:
448,192,147912,1,0,0:0:0:0:
64,192,148312,128,0,148712:0:0:0:0:
448,192,148712,128,0,149112:0:0:0:0:
320,192,148712,1,0,0:0:0:0:
192,192,149112,128,0,149512:0:0:0:0:
320,192,149512,128,0,149912:0:0:0:0:
64,192,149512,1,0,0:0:0:0:
448,192,149912,128,0,150312:0:0:0:0:
64,192,150312,128,0,150712:0:0:0:0:
192,192,150312,1,0,0:0:0:0:
320,192,150712,128,0,151112:0:0:0:0:
192,192,151112,1,0,0:0:0:0:
448,192,151112,1,0,0:0:0:0:
320,192,151512,1,0,0:0:0:0:
64,192,151912,1,0,0:0:0:0:
320,192,151912,1,0,0:0:0:0:
64,192,152312,1,0,0:0:0:0:
448,192,152712,1,0,0:0:0:0:
320,192,152712,1,0,0:0:0:0:
64,192,153112,1,0,0:0:0:0:
320,192,153512,1,0,0:0:0:0:
192,192,153712,1,0,0:0:0:0:
